XY0 = [
2736	3608	4264	4368	4034	3642	2730	1818	0
4144	5328	5625	6053	5368	4839	3819	2448	0
4872	6317	6424	6791	6032	5360	4056	2368	0
5264	6935	6960	7168	6504	5768	4128	2758	0
5656	7144	7232	7280	6312	5664	4352	2712	0
5040	6448	6951	7064	6157	5544	4320	2752	0
4008	5368	5760	5807	5204	4576	3552	2160	0
2712	3880	4328	4200	4053	3464	2824	1856	0
0	0	0	0	0	0	0	0	0
]
XY1 = [
3816	4846	5720	5818	5412	4926	3904	2784	0
5422	6708	6989	7600	6863	6253	5297	3664	0
6528	7803	8601	9096	8204	7123	5881	4160	0
6937	8552	9155	9646	9136	8024	6375	4632	0
7093	8779	9198	9190	8966	7765	6256	4272	0
6666	7800	8797	8997	8439	7438	5927	4280	0
5568	7013	7624	7595	6796	6331	4982	3480	0
3712	5176	5640	5496	5317	4859	3713	2752	0
0	0	0	0	0	0	0	0	0
]
XY2 = [
3432	4816	5791	5797	5736	5264	4224	2960	0
4944	6904	7536	8051	7721	6816	5816	4168	0
5880	7609	8544	9312	9067	7945	6688	4768	0
6464	8424	9640	10324	9498	8577	7355	5269	0
6920	8640	10009	10288	9836	8728	7544	5064	0
6088	8186	9291	9296	8920	8252	6454	4528	0
5120	6680	7639	7712	7288	6954	5648	3906	0
3592	4872	5775	5784	5816	5384	4336	2976	0
0	0	0	0	0	0	0	0	0
]
XY3 = [
2864	4312	5144	5592	5480	5121	4184	2864	0
4200	5967	6624	7728	6912	6136	5024	3798	0
5368	7142	8195	9357	9180	8016	6504	5116	0
5616	7267	8486	9435	9100	8043	6448	4866	0
5898	7657	8669	9654	9759	8556	7032	5184	0
5220	7170	8152	8860	8839	7837	6408	4726	0
4216	5878	6540	7170	7162	6450	5346	3892	0
2688	4064	4760	5158	5156	4544	3848	2512	0
0	0	0	0	0	0	0	0	0
]
color_range = [0 100000];
figure(1)
subplot(4,1,1), pcolor(XY0), axis off, caxis( color_range ), colormap(jet)
subplot(4,1,2), pcolor(XY1), axis off, caxis( color_range ), colormap(jet)
subplot(4,1,3), pcolor(XY2), axis off, caxis( color_range ), colormap(jet)
subplot(4,1,4), pcolor(XY3), axis off, caxis( color_range ), colormap(jet)
set(gcf, 'PaperPosition', [1 1 7 30]);
print(gcf,'-djpeg','-r0','_DLADR_sel-0_BL_pir-0.010000_traffic-0.txt.jpg')
total waiting time
XY0 = [
3112	4352	4576	5160	4791	4072	3016	1921	0
5088	6640	6646	7568	6656	5942	4418	2496	0
5968	8268	8072	8086	7352	6584	4936	2487	0
7096	8766	8992	9263	7592	7072	4824	2973	0
7136	9096	9360	9216	8320	7072	4848	2752	0
6896	8208	8958	8888	7700	7344	5432	3024	0
4440	6344	7256	6982	6010	5936	4104	2280	0
3128	4360	4952	5040	5084	4312	3480	1880	0
0	0	0	0	0	0	0	0	0
]
XY1 = [
4672	5429	6735	7089	6843	5685	4435	3024	0
7085	8914	8924	9752	8742	7868	6552	4256	0
8275	10488	12095	11958	11296	8594	6992	5112	0
8766	11648	12282	12973	12712	10624	8342	5680	0
9212	11442	12508	11315	12109	10332	7356	5072	0
8417	10318	12412	12060	10454	9637	7085	4697	0
7040	8723	9335	9882	8738	7826	5580	3976	0
4280	6480	6536	6742	6476	5642	4304	3008	0
0	0	0	0	0	0	0	0	0
]
XY2 = [
3936	5456	7118	6996	7472	7048	5296	3360	0
5856	8240	9448	10242	10368	8904	7360	4800	0
7040	9696	11824	11824	12802	10400	8936	5784	0
8184	11984	12384	15035	13625	11336	9434	6436	0
9719	11400	15336	16352	12979	11240	9623	7104	0
8222	12401	14002	12528	12520	10923	7677	5416	0
6016	8408	10357	9952	9328	8409	6367	4553	0
4640	6504	7894	6864	7048	6928	5144	3264	0
0	0	0	0	0	0	0	0	0
]
XY3 = [
3264	5200	6168	7152	6736	6064	5304	3175	0
5184	7406	8992	10504	8504	8000	5920	4461	0
6400	9724	12178	13404	12314	10824	7704	6019	0
6824	9530	12020	13377	13409	11520	8432	6097	0
7801	10344	11703	14556	14093	13059	8720	6519	0
7003	9400	12125	13731	12686	10820	8224	5741	0
4760	7765	8707	9209	9433	8185	5992	4867	0
2968	4727	5912	6453	7403	5032	4456	2736	0
0	0	0	0	0	0	0	0	0
]
color_range = [0 100000];
figure(1)
subplot(4,1,1), pcolor(XY0), axis off, caxis( color_range ), colormap(jet)
subplot(4,1,2), pcolor(XY1), axis off, caxis( color_range ), colormap(jet)
subplot(4,1,3), pcolor(XY2), axis off, caxis( color_range ), colormap(jet)
subplot(4,1,4), pcolor(XY3), axis off, caxis( color_range ), colormap(jet)
